"V2"	"V2.1"	"V2.2"
"1"	0.04373356	0.02490352	0.05810098
"2"	0.04465182	0.02664263	0.0572269
"3"	0.04465182	0.02664263	0.0572269
"4"	0.04456824	0.02700287	0.06037336
"5"	0.04450525	0.02596188	0.05905801
"6"	0.04585849	0.02695044	0.05912058
"7"	0.04558253	0.0273645	0.05829563
"8"	0.04491654	0.02696275	0.057875
"9"	0.0448094	0.02714285	0.05990424
"10"	0.04506337	0.02781528	0.06166287
"11"	0.04531291	0.02831474	0.06095366
"12"	0.04637263	0.02921325	0.06055264
"13"	0.04694741	0.0286349	0.0598738
"14"	0.04676263	0.02791236	0.05983606
"15"	0.04631178	0.02845243	0.06033758
"16"	0.04431849	0.02816924	0.06016113
"17"	0.04446722	0.02838756	0.06010449
"18"	0.04495171	0.02836885	0.0600046
"19"	0.04459294	0.028442	0.06033878
"20"	0.04505252	0.02911767	0.06124839
"21"	0.04494254	0.02926764	0.06036151
"22"	0.04499459	0.02966768	0.05963218
"23"	0.04511759	0.02924312	0.05879779
"24"	0.0449018	0.02896295	0.05903796
"25"	0.04449542	0.02854136	0.05985234
"26"	0.04449768	0.02905144	0.05994529
"27"	0.04423142	0.0290104	0.05925467
"28"	0.04394677	0.02907275	0.05886341
"29"	0.04339306	0.0286878	0.05812597
"30"	0.0432656	0.02867071	0.05795231
"31"	0.04322097	0.0282505	0.05800764
"32"	0.04312049	0.02836997	0.05823921
"33"	0.04352931	0.02837089	0.05834162
"34"	0.04307521	0.0281486	0.0575872
"35"	0.0425799	0.02798088	0.05752686
"36"	0.04269964	0.02821879	0.05770322
"37"	0.04260781	0.02810938	0.05699999
"38"	0.04281288	0.02810566	0.05657842
"39"	0.04297296	0.02803661	0.05662047
"40"	0.04285393	0.02819864	0.0573719
"41"	0.04283663	0.02871866	0.05738371
"42"	0.04303365	0.0285008	0.05689429
"43"	0.04289161	0.02782178	0.05630443
"44"	0.04298453	0.02776687	0.05622898
"45"	0.0432841	0.02840526	0.05645701
"46"	0.04297581	0.02871584	0.0559761
"47"	0.04260051	0.02849852	0.05608667
"48"	0.04272753	0.02849934	0.05606956
"49"	0.04325502	0.02880326	0.05615084
"50"	0.04322861	0.02864865	0.05559846
"51"	0.04297677	0.02855751	0.05550032
"52"	0.04282629	0.0286888	0.05586865
"53"	0.04313499	0.02878309	0.05573476
"54"	0.042904	0.0286683	0.05571207
"55"	0.0428299	0.02857244	0.05591845
"56"	0.04255638	0.02838819	0.05608953
"57"	0.04263408	0.02887684	0.05584249
"58"	0.04285679	0.02909766	0.05609094
"59"	0.04317958	0.02907202	0.05580483
"60"	0.04360905	0.02929839	0.05640351
"61"	0.04345754	0.0291874	0.05654477
"62"	0.04345384	0.02936301	0.05693018
"63"	0.04351131	0.02922684	0.05681187
"64"	0.04409385	0.02950916	0.05710923
"65"	0.04418215	0.02962967	0.0572587
"66"	0.04403371	0.02975482	0.05741706
"67"	0.04381079	0.02983234	0.05673928
"68"	0.04384992	0.03019073	0.05718657
"69"	0.04397271	0.03008757	0.05729692
"70"	0.04370928	0.02956269	0.05702474
"71"	0.04337754	0.02931914	0.05637937
"72"	0.04326152	0.02985233	0.05625059
"73"	0.04297115	0.02976282	0.05605888
"74"	0.04287642	0.02937189	0.05603525
"75"	0.04279447	0.02908624	0.05581159
"76"	0.04285236	0.02950406	0.05584942
"77"	0.04312126	0.02943696	0.05594357
"78"	0.04372145	0.02951772	0.05670176
"79"	0.04340147	0.02937441	0.05666965
"80"	0.04335379	0.02949285	0.05629647
"81"	0.04351724	0.02975924	0.05637268
"82"	0.04365326	0.02982171	0.05672117
"83"	0.04404088	0.02988437	0.05685404
"84"	0.04419752	0.03028706	0.0573399
"85"	0.04423484	0.03039371	0.05674618
"86"	0.04411416	0.03042431	0.056507
"87"	0.04328822	0.02956612	0.05594635
"88"	0.04273644	0.02923252	0.05523944
"89"	0.04252151	0.0290555	0.05525997
"90"	0.04242506	0.02916713	0.05506269
"91"	0.04226155	0.02891051	0.0546997
"92"	0.04217088	0.02881344	0.0545158
"93"	0.04181602	0.02859215	0.05427096
"94"	0.0419863	0.02877099	0.05453795
"95"	0.0419148	0.02891161	0.05453646
"96"	0.04171638	0.02870198	0.05424085
"97"	0.04140705	0.02841181	0.05375899
"98"	0.04159514	0.02866197	0.05406908
"99"	0.04164529	0.02869624	0.05435913
"100"	0.04191312	0.02889901	0.0544771
"101"	0.04159944	0.02883604	0.05402672
"102"	0.04117183	0.02870148	0.05377892
"103"	0.04113121	0.0285241	0.05373842
"104"	0.04095684	0.02853727	0.05353848
"105"	0.04074156	0.02840015	0.0529511
"106"	0.04043612	0.02825019	0.05269549
"107"	0.04006707	0.02788166	0.05237985
"108"	0.04002438	0.02817179	0.05246352
"109"	0.04000996	0.0278995	0.05207972
"110"	0.0400812	0.02786853	0.0519897
"111"	0.03971619	0.02778783	0.05163546
"112"	0.03939199	0.02778081	0.05134184
"113"	0.03913377	0.02746797	0.05075892
"114"	0.03897683	0.02719908	0.05044133
"115"	0.03874725	0.02684764	0.05018824
"116"	0.0382393	0.02657028	0.04968669
"117"	0.03739077	0.02611902	0.04872655
"118"	0.03697612	0.02576278	0.04802257
"119"	0.03661104	0.02550505	0.04733676
"120"	0.03622867	0.02535037	0.04715212
"121"	0.03593564	0.02507685	0.04691473
"122"	0.03580618	0.02500163	0.04660647
"123"	0.03565896	0.024889	0.04623599
"124"	0.03548542	0.02469343	0.04608138
"125"	0.03504211	0.02444668	0.04561152
"126"	0.03471585	0.02427014	0.04536809
"127"	0.03435923	0.02411798	0.04506482
"128"	0.03441223	0.02425051	0.04491535
"129"	0.03464166	0.02407196	0.04468992
"130"	0.03473618	0.0241493	0.04456978
"131"	0.03439441	0.02399394	0.04427332
"132"	0.0342343	0.02389368	0.04427574
"133"	0.03411233	0.02381593	0.04420448
"134"	0.0342034	0.02377794	0.04427663
"135"	0.03422667	0.02368249	0.04431459
"136"	0.03435221	0.02398989	0.04463835
"137"	0.03441639	0.0242252	0.04465033
"138"	0.03440467	0.02425555	0.0447932
"139"	0.03415014	0.02400143	0.04439091
"140"	0.03372921	0.02375794	0.04390315
"141"	0.03332623	0.02350599	0.04343841
"142"	0.03292448	0.02325909	0.04291498
"143"	0.03233132	0.02284101	0.04210199
"144"	0.03174413	0.0223688	0.0415115
"145"	0.03116509	0.02188419	0.04065334
"146"	0.03052299	0.02157667	0.03970705
"147"	0.02967062	0.02107158	0.03880388
"148"	0.02912528	0.02068234	0.03827886
"149"	0.02880852	0.02038471	0.03771088
"150"	0.02858976	0.02038416	0.03748611
"151"	0.02824517	0.02011024	0.03716084
"152"	0.0282007	0.01996457	0.03715185
"153"	0.02806597	0.01980677	0.03685358
"154"	0.02802168	0.01984042	0.03665027
"155"	0.02792289	0.01965932	0.03641647
"156"	0.02779355	0.01962772	0.03641099
"157"	0.02772021	0.01949364	0.0361943
"158"	0.02772287	0.01949857	0.03605458
"159"	0.02745024	0.01936962	0.0357872
"160"	0.02735248	0.01934642	0.03563666
"161"	0.02727068	0.01916584	0.03531153
"162"	0.02705917	0.01903393	0.03518144
"163"	0.0268618	0.01888164	0.03505411
"164"	0.02688814	0.01888611	0.0350337
"165"	0.02671727	0.01878434	0.03477837
"166"	0.02659328	0.01877553	0.03481622
"167"	0.0265186	0.01874506	0.03464704
"168"	0.02630517	0.01861899	0.03443245
"169"	0.02601383	0.01832893	0.03395371
"170"	0.0258618	0.01826227	0.03362701
"171"	0.02564094	0.01806352	0.03327749
"172"	0.02530072	0.01791395	0.03307356
"173"	0.02481211	0.01766509	0.03266162
"174"	0.02449643	0.01739565	0.03220983
"175"	0.02426639	0.01711112	0.03175178
"176"	0.02410363	0.01699924	0.03150688
"177"	0.02394697	0.01682471	0.03116702
"178"	0.02378046	0.01672571	0.03088571
"179"	0.02338494	0.01653153	0.03060601
"180"	0.02311324	0.01634539	0.03028619
"181"	0.02288266	0.0161273	0.02990455
"182"	0.02266566	0.01614298	0.02973858
"183"	0.02240929	0.01595111	0.02941109
"184"	0.02225489	0.01578488	0.02915557
"185"	0.0220274	0.01562362	0.02882894
"186"	0.02190184	0.01553126	0.0286185
"187"	0.02184479	0.01529741	0.02841689
"188"	0.02166952	0.01517191	0.02833961
"189"	0.0214095	0.01501064	0.02807368
"190"	0.02127846	0.01498155	0.02803699
"191"	0.02111007	0.01487411	0.02779835
"192"	0.02107021	0.01479039	0.02766915
"193"	0.02095983	0.01465236	0.02746149
"194"	0.02086881	0.01465753	0.0273139
"195"	0.02075	0.01448347	0.02707385
"196"	0.0207884	0.014491	0.02709053
"197"	0.02070742	0.01444561	0.02694734
"198"	0.02051629	0.01435338	0.02681039
"199"	0.02041713	0.01427403	0.02677476
"200"	0.02042165	0.01431612	0.02673308
"201"	0.02027272	0.01416163	0.02647747
"202"	0.02012912	0.01399115	0.02632426
"203"	0.02001151	0.01389638	0.02613973
"204"	0.01985176	0.013756	0.02593543
"205"	0.01966715	0.01363891	0.02576681
"206"	0.01972796	0.01378213	0.02583907
"207"	0.01964704	0.01367625	0.02571189
"208"	0.019554	0.01355228	0.02557323
"209"	0.0195321	0.0134697	0.02547002
"210"	0.0196062	0.01357871	0.02553432
"211"	0.01957359	0.01355156	0.02538082
"212"	0.0195512	0.01349598	0.02530232
"213"	0.01939688	0.01340302	0.02522734
"214"	0.01935628	0.01334668	0.02522306
"215"	0.01926995	0.01323448	0.02501217
"216"	0.01928758	0.0132477	0.02492177
"217"	0.01922919	0.01321897	0.02477486
"218"	0.01913156	0.0131634	0.02479286
"219"	0.01901776	0.01306563	0.02464014
"220"	0.01896241	0.0129981	0.02453604
"221"	0.01883911	0.01285708	0.02435671
"222"	0.01880066	0.01288729	0.02435142
"223"	0.0186075	0.01273243	0.02411952
"224"	0.01842123	0.01260692	0.02392646
"225"	0.01838836	0.01257799	0.02384199
"226"	0.01849066	0.0126963	0.0238994
"227"	0.01854719	0.01276382	0.02387433
"228"	0.01854868	0.01270459	0.02377251
"229"	0.01847921	0.01256445	0.02361676
"230"	0.01841681	0.01257083	0.02360843
"231"	0.01839762	0.01249335	0.02354008
"232"	0.01836866	0.01246037	0.0234874
"233"	0.01837916	0.01248458	0.02347642
"234"	0.01841159	0.0125386	0.02352584
"235"	0.01840478	0.01249014	0.02342124
"236"	0.01840754	0.01250191	0.02334983
"237"	0.01839282	0.01243681	0.02327309
"238"	0.0184707	0.01253574	0.02342868
"239"	0.0184128	0.01247841	0.02344799
"240"	0.01843295	0.01247326	0.02349657
"241"	0.01844951	0.01244407	0.02343645
"242"	0.01848758	0.01247476	0.02349115
"243"	0.01851877	0.01248213	0.02360658
"244"	0.01869234	0.01261804	0.02377384
"245"	0.01884617	0.01261637	0.02387979
"246"	0.0189999	0.01276607	0.0241411
"247"	0.01906083	0.01286046	0.02430464
"248"	0.01921734	0.01298297	0.02458162
"249"	0.01945274	0.01313311	0.02486436
"250"	0.01969412	0.01325901	0.0251515
"251"	0.01988614	0.01342527	0.02542561
"252"	0.02018697	0.01363023	0.0258404
"253"	0.02056201	0.01388334	0.02638922
"254"	0.02122192	0.01428352	0.02711621
"255"	0.021768	0.01467765	0.02783915
"256"	0.02233157	0.01503166	0.02861114
"257"	0.02287552	0.01531964	0.02927547
"258"	0.02331484	0.01569734	0.02977701
"259"	0.0234603	0.01582453	0.02992115
"260"	0.0233456	0.01575677	0.02987834
"261"	0.02298936	0.01546132	0.02938008
"262"	0.02255219	0.01525783	0.0288916
"263"	0.02211686	0.01493752	0.02828815
"264"	0.02170411	0.01472563	0.0277696
"265"	0.02127669	0.01450368	0.02726761
"266"	0.02110357	0.01442342	0.02701965
"267"	0.02103342	0.0142641	0.02678696
"268"	0.02099537	0.01418063	0.02668607
"269"	0.02093337	0.01413137	0.02673794
"270"	0.02089954	0.01411847	0.02685121
"271"	0.02106002	0.01414729	0.02699892
"272"	0.02122731	0.01427746	0.02727915
"273"	0.02138176	0.0143317	0.02746583
"274"	0.02166656	0.01444705	0.02777334
"275"	0.02186771	0.01451125	0.02804958
"276"	0.022158	0.01477383	0.02843154
"277"	0.02246069	0.01494235	0.02880258
"278"	0.02275358	0.01517263	0.02925268
"279"	0.02306899	0.01537391	0.02967884
"280"	0.0234709	0.01559978	0.03016987
"281"	0.02398049	0.01590615	0.03075944
"282"	0.02458488	0.0163299	0.03158019
"283"	0.02527257	0.01676343	0.03241342
"284"	0.02606538	0.01726283	0.03344567
"285"	0.02683274	0.01783685	0.03447654
"286"	0.0276338	0.01841612	0.03549084
"287"	0.02842	0.01889793	0.03645066
"288"	0.02929932	0.01945132	0.03755361
"289"	0.03013273	0.01996179	0.03866419
"290"	0.03094499	0.02057281	0.03973049
"291"	0.03185865	0.02122404	0.04072579
"292"	0.03275168	0.02187813	0.04179008
"293"	0.03359711	0.02245898	0.04277897
"294"	0.03451808	0.0230179	0.04380712
"295"	0.03530823	0.02349059	0.04479337
"296"	0.03604268	0.02399211	0.04578102
"297"	0.0368733	0.02456665	0.04667247
"298"	0.03773877	0.0251304	0.04763021
"299"	0.03866209	0.02573857	0.04879907
"300"	0.03979374	0.02646299	0.05011732
"301"	0.04106447	0.0272632	0.05156284
"302"	0.04243938	0.02834116	0.05322168
"303"	0.04392812	0.0295261	0.05508526
"304"	0.04545008	0.03069112	0.05697481
"305"	0.04675383	0.03181115	0.0586554
"306"	0.04782145	0.03277719	0.06011932
"307"	0.04861737	0.03359048	0.06119074
"308"	0.04902807	0.03408858	0.06185715
"309"	0.04921309	0.03431031	0.0621933
"310"	0.0493257	0.03442697	0.06246264
"311"	0.04957432	0.03459099	0.06280328
"312"	0.04999555	0.03492592	0.06339192
"313"	0.05060608	0.03548822	0.06427159
"314"	0.05125185	0.03607915	0.06526744
"315"	0.05181447	0.03656314	0.06608275
"316"	0.05229087	0.03710216	0.06686272
"317"	0.05272787	0.0375608	0.06757443
"318"	0.05323168	0.03795625	0.06823355
"319"	0.05386262	0.03847112	0.06898484
"320"	0.05463377	0.0390836	0.06992466
"321"	0.05548299	0.03971902	0.07103576
"322"	0.05634719	0.04037293	0.0721898
"323"	0.05729435	0.04099629	0.0732924
"324"	0.05821648	0.04169061	0.07441196
"325"	0.05905057	0.04234283	0.07551565
"326"	0.05987991	0.042971	0.07661602
"327"	0.06069194	0.04359397	0.07766724
"328"	0.06149839	0.04422411	0.07862481
"329"	0.06212196	0.04469625	0.07935315
"330"	0.06229739	0.04493066	0.07972515
"331"	0.06207051	0.04490189	0.07953744
"332"	0.06155501	0.04461234	0.0788881
"333"	0.06079556	0.04406111	0.07794306
"334"	0.05997949	0.04345131	0.07690743
"335"	0.05929108	0.04301691	0.07614997
"336"	0.05863697	0.04271604	0.07549436
"337"	0.05805326	0.04239784	0.07490768
"338"	0.05748728	0.04210747	0.07425232
"339"	0.05686205	0.04177896	0.07350925
"340"	0.05614496	0.04143804	0.07273576
"341"	0.0552792	0.04093851	0.07170796
"342"	0.05420784	0.04022529	0.07041524
"343"	0.05308473	0.0394694	0.06906455
"344"	0.05206343	0.03876609	0.06779763
"345"	0.05092097	0.03796909	0.06644025
"346"	0.04960292	0.03709858	0.06493387
"347"	0.04843538	0.03626977	0.06348962
"348"	0.04732586	0.03540596	0.06206756
"349"	0.04624815	0.03456228	0.06076881
"350"	0.04527603	0.03376221	0.0595129
"351"	0.0443788	0.03296056	0.05830682
"352"	0.04347731	0.03220829	0.05713895
"353"	0.04239853	0.031397	0.05578855
"354"	0.04133989	0.03059047	0.0544483
"355"	0.04044631	0.02979149	0.05318532
"356"	0.03975061	0.02923428	0.05227356
"357"	0.03928689	0.02886723	0.05170379
"358"	0.03896847	0.02864002	0.05126647
"359"	0.03869936	0.02843462	0.05091892
"360"	0.03851452	0.02838735	0.05070263
"361"	0.03838351	0.02836093	0.0505345
"362"	0.03826423	0.0283227	0.05033983
"363"	0.038169	0.02826092	0.05015994
"364"	0.03809375	0.02827867	0.0500499
"365"	0.03800608	0.02828663	0.04994518
"366"	0.03782024	0.02823189	0.04971618
"367"	0.03746938	0.02799918	0.04916548
"368"	0.03685238	0.02757668	0.04834611
"369"	0.03598559	0.02693257	0.04724348
"370"	0.03491027	0.02612706	0.04588202
"371"	0.03379301	0.02527587	0.04428992
"372"	0.03264157	0.02437739	0.04275231
"373"	0.03153141	0.02353434	0.04129609
"374"	0.03052847	0.02281378	0.03999417
"375"	0.02963165	0.02214353	0.03885754
"376"	0.02879231	0.02153437	0.03778084
"377"	0.02788642	0.02083728	0.03658542
"378"	0.02693081	0.02010746	0.03532131
"379"	0.02602326	0.01939903	0.03409249
"380"	0.02509992	0.0187342	0.03293468
"381"	0.02423691	0.01808607	0.03182517
"382"	0.02356723	0.01756868	0.03097132
"383"	0.02297741	0.01717809	0.03028294
"384"	0.02256507	0.01693989	0.02978535
"385"	0.02237002	0.01675906	0.02950943
"386"	0.02240061	0.01675572	0.02951904
"387"	0.02262385	0.01696291	0.02980359
"388"	0.022943	0.0172378	0.03027502
"389"	0.0233863	0.01759559	0.03083947
"390"	0.02388655	0.01800211	0.03143258
"391"	0.0243646	0.01837543	0.03203657
"392"	0.02488004	0.01875032	0.03270255
"393"	0.0254051	0.01907385	0.03326044
"394"	0.02583126	0.0193233	0.03363531
"395"	0.02602126	0.01941102	0.03379659
"396"	0.02597099	0.01935784	0.03372761
"397"	0.02574307	0.01915411	0.03336065
"398"	0.02526449	0.01871469	0.03263511
"399"	0.02447953	0.01805747	0.03161344
"400"	0.02341711	0.01726134	0.03025644
"401"	0.02217184	0.01629481	0.02866703
"402"	0.0209574	0.01541435	0.02715282
"403"	0.01983328	0.01460572	0.02575904
"404"	0.01879655	0.01382871	0.02446302
"405"	0.01791622	0.01313813	0.02327005
"406"	0.01717333	0.01256752	0.02229349
"407"	0.01651854	0.01213547	0.02152013
"408"	0.01601079	0.01179501	0.0209244
"409"	0.01567683	0.0115292	0.02048414
"410"	0.0154949	0.01143281	0.02028234
"411"	0.01546108	0.011432	0.02022548
"412"	0.01554809	0.01149698	0.02029979
"413"	0.01573365	0.01162556	0.02055416
"414"	0.01598298	0.01183703	0.02088464
"415"	0.01620937	0.01204402	0.02116474
"416"	0.01645085	0.01220464	0.02149996
"417"	0.01653214	0.01222482	0.02162858
"418"	0.01645147	0.0121507	0.02154912
"419"	0.01627403	0.01200614	0.02134853
"420"	0.01605393	0.01187969	0.02105892
"421"	0.01587525	0.01176038	0.02081899
"422"	0.01578172	0.01163172	0.02072277
"423"	0.01577649	0.01161876	0.02066971
"424"	0.01588818	0.01171866	0.02082159
"425"	0.01606696	0.01183677	0.02109075
"426"	0.0163107	0.01199976	0.02144325
"427"	0.01655792	0.01219501	0.02176725
"428"	0.01682697	0.01241888	0.02215004
"429"	0.01720246	0.01266229	0.02260186
"430"	0.01761754	0.01290245	0.02308059
"431"	0.0179712	0.01315616	0.02351864
"432"	0.01835023	0.01344062	0.02399451
"433"	0.01867394	0.01362004	0.02436025
"434"	0.01897238	0.01376909	0.02468131
"435"	0.01925277	0.01393545	0.02501243
"436"	0.01944965	0.01409336	0.02522635
"437"	0.01961317	0.01422575	0.02537512
"438"	0.01978826	0.01431818	0.02551952
"439"	0.0198731	0.01433126	0.02562343
"440"	0.01990178	0.01440207	0.02567716
"441"	0.01990872	0.01440617	0.02558561
"442"	0.01983664	0.01436109	0.02546204
"443"	0.01969523	0.01425311	0.02532197
"444"	0.01957411	0.01419979	0.02513491
"445"	0.01939245	0.01412962	0.02488558
"446"	0.01920768	0.01399792	0.02461939
"447"	0.01900087	0.01387777	0.02433491
"448"	0.01879146	0.01375169	0.02404501
"449"	0.01851379	0.0135723	0.02364502
"450"	0.01823194	0.0134032	0.02326178
"451"	0.01794505	0.01320264	0.02288571
"452"	0.01765177	0.0130384	0.02251738
"453"	0.01735013	0.01286282	0.0221701
"454"	0.01708041	0.01269256	0.02185665
"455"	0.01684657	0.01251043	0.02149513
"456"	0.01667762	0.01239918	0.02120944
"457"	0.01652639	0.01228489	0.02103907
"458"	0.01638915	0.01221913	0.02092535
"459"	0.01628614	0.01215311	0.02075627
"460"	0.01615114	0.01206511	0.02057766
"461"	0.01604015	0.01197521	0.02043067
"462"	0.01595568	0.01194044	0.02032173
"463"	0.01595678	0.0119333	0.02029959
"464"	0.01602533	0.01196815	0.02038306
"465"	0.01614722	0.0120636	0.02056166
"466"	0.01637876	0.01222103	0.02081892
"467"	0.01663276	0.01237148	0.02109959
"468"	0.01683359	0.01251291	0.02139883
"469"	0.01707841	0.01267303	0.0217333
"470"	0.01742959	0.01292443	0.02214849
"471"	0.01779031	0.01318114	0.022577
"472"	0.01815534	0.01345182	0.02299304
"473"	0.0184333	0.01368841	0.02338709
"474"	0.018714	0.01390676	0.02378376
"475"	0.01896619	0.01409777	0.02408684
"476"	0.01906754	0.01420049	0.02425907
"477"	0.01903282	0.01422636	0.02425775
"478"	0.0188726	0.01418831	0.02410973
"479"	0.01864299	0.01403524	0.02383212
"480"	0.01842524	0.01384167	0.02350047
"481"	0.01819203	0.01365343	0.02322437
"482"	0.01801713	0.0135478	0.02304729
"483"	0.01792403	0.01347089	0.02290898
"484"	0.01790918	0.0134487	0.02286685
"485"	0.01789578	0.01340664	0.02282645
"486"	0.01786457	0.01335366	0.0227373
"487"	0.01778375	0.01327664	0.02259079
"488"	0.01762786	0.01317489	0.02243264
"489"	0.01750003	0.01309466	0.02226886
"490"	0.01740373	0.01305191	0.02211896
"491"	0.01732934	0.01298514	0.0220389
"492"	0.01735844	0.01295718	0.0220464
"493"	0.01740714	0.01295599	0.02207746
"494"	0.01750134	0.0130162	0.02219099
"495"	0.01761902	0.01310509	0.02233911
"496"	0.01778213	0.01323638	0.02249883
"497"	0.01791422	0.0133386	0.0226764
"498"	0.0180649	0.01347868	0.02293201
"499"	0.01825035	0.01362975	0.02319319
"500"	0.01842932	0.01377562	0.0234309
"501"	0.01863486	0.01391082	0.02367873
"502"	0.01875081	0.01403509	0.02385857
"503"	0.01877281	0.01411235	0.02394699
"504"	0.01875735	0.01410903	0.02396066
"505"	0.01861812	0.01402814	0.0238231
"506"	0.01837336	0.013865	0.02356982
"507"	0.01814773	0.01368796	0.02329176
"508"	0.01787955	0.01351162	0.02295317
"509"	0.01757134	0.01327803	0.02256469
"510"	0.01722028	0.0130267	0.02211312
"511"	0.01686111	0.01274249	0.02165587
"512"	0.01652161	0.01250538	0.02121154
"513"	0.01620029	0.01228683	0.02079854
"514"	0.01597981	0.01214806	0.02051549
"515"	0.01579494	0.01197206	0.02028119
"516"	0.01565543	0.01188258	0.02011685
"517"	0.01555156	0.01186765	0.01999791
"518"	0.01547986	0.0118562	0.01995236
"519"	0.01547578	0.01187144	0.01995291
"520"	0.0155289	0.01188984	0.0200045
"521"	0.01554651	0.01189059	0.0200353
"522"	0.01556915	0.01191296	0.020076
"523"	0.01565127	0.0119734	0.02016495
"524"	0.01571918	0.0120231	0.02027718
"525"	0.01583377	0.0120981	0.02042629
"526"	0.01600202	0.01221758	0.02064404
"527"	0.01621924	0.01234195	0.02087831
"528"	0.01642562	0.0124618	0.0210513
"529"	0.01659379	0.01258005	0.02123738
"530"	0.01672517	0.01266987	0.02145377
"531"	0.01677483	0.0127103	0.02156478
"532"	0.01683903	0.01274767	0.02163011
"533"	0.01684502	0.01279963	0.02164815
"534"	0.01690114	0.01284334	0.02165801
"535"	0.01688243	0.01277899	0.02162155
"536"	0.0167355	0.01270814	0.02146503
"537"	0.01660105	0.01263572	0.0212913
"538"	0.01641719	0.01250024	0.0210494
"539"	0.01620627	0.01233368	0.02078402
"540"	0.01596885	0.01215892	0.0205083
"541"	0.01571063	0.01201465	0.02023677
"542"	0.0155427	0.01192543	0.02004381
"543"	0.01542283	0.01181742	0.01986919
"544"	0.01530437	0.01167227	0.01967386
"545"	0.01522986	0.01161339	0.01957346
"546"	0.01516401	0.01158264	0.01952104
"547"	0.01506281	0.01147883	0.01936322
"548"	0.01499102	0.01138528	0.01923034
"549"	0.01496951	0.01131474	0.01912414
"550"	0.01481925	0.01120177	0.01896504
"551"	0.01469311	0.01116282	0.01889634
"552"	0.01469797	0.01126165	0.01897629
"553"	0.01465311	0.01120651	0.01891141
"554"	0.01438923	0.01092842	0.01852175
"555"	0.01394178	0.01062768	0.01795765
"556"	0.01340801	0.01033907	0.01728239
"557"	0.01288125	0.01010842	0.01674067
"558"	0.01230307	0.009775912	0.01606264
"559"	0.01175082	0.009270732	0.0151882
"560"	0.01133444	0.008919394	0.01457939
"561"	0.01103923	0.008694643	0.01421415
"562"	0.01081045	0.008550994	0.01396605
"563"	0.01067062	0.00845823	0.01378748
"564"	0.01064767	0.008443359	0.01371333
"565"	0.01063955	0.008433297	0.0137209
"566"	0.01063242	0.008428487	0.01376371
"567"	0.01069497	0.008464923	0.01390118
"568"	0.01078348	0.008537131	0.01403232
"569"	0.0108696	0.008597598	0.01417286
"570"	0.01095695	0.008687777	0.01431899
"571"	0.01099365	0.008733875	0.01444216
"572"	0.01104864	0.008805589	0.01462597
"573"	0.01113464	0.008885493	0.01476001
"574"	0.01121882	0.00894535	0.0148653
"575"	0.01129516	0.009036893	0.01503076
"576"	0.01143872	0.009223755	0.01529568
"577"	0.01163648	0.009341107	0.01555763
"578"	0.01176682	0.009454462	0.01580177
"579"	0.01186808	0.009572391	0.01598529
"580"	0.0119054	0.009610558	0.01603859
"581"	0.01184598	0.009546869	0.01598492
"582"	0.01176175	0.009521593	0.0159284
"583"	0.0116374	0.009453867	0.01579767
"584"	0.01152623	0.009371397	0.01568393
"585"	0.01152909	0.009358701	0.01565887
"586"	0.0115185	0.009390797	0.0156358
"587"	0.01146625	0.00935939	0.01559449
"588"	0.01146128	0.009335263	0.01558012
"589"	0.01145699	0.009317692	0.01559093
"590"	0.01147526	0.009361208	0.01567277
"591"	0.01147526	0.009383389	0.01568052
"592"	0.01148846	0.009374723	0.01566865
"593"	0.01150983	0.009378984	0.01566226
"594"	0.01153279	0.009394417	0.01567755
"595"	0.01155624	0.009376364	0.01567789
"596"	0.01156777	0.009357146	0.01566249
"597"	0.01158081	0.009339425	0.01560603
"598"	0.01157407	0.009362298	0.01559472
"599"	0.01158557	0.00932176	0.01555612
"600"	0.0115836	0.009272878	0.01551727
"601"	0.01157533	0.009256784	0.01546166
"602"	0.01164792	0.009286612	0.01543782
"603"	0.0116844	0.009336204	0.0155032
"604"	0.01170687	0.009328051	0.01551968
"605"	0.01175878	0.009325573	0.01554487
"606"	0.01184203	0.009427063	0.0156114
"607"	0.01194661	0.009488892	0.01569109
"608"	0.01208177	0.009541403	0.01583734
"609"	0.01223119	0.009650089	0.01598666
"610"	0.01236382	0.009742697	0.01612351
"611"	0.01255333	0.009874078	0.0163871
"612"	0.01277262	0.01004073	0.01670699
"613"	0.01297833	0.0101769	0.01694484
"614"	0.01325983	0.01035924	0.01723398
"615"	0.01354493	0.01055245	0.01754052
"616"	0.01376704	0.01069747	0.01784393
"617"	0.01398263	0.01083081	0.01813887
"618"	0.01422274	0.01103259	0.01845075
"619"	0.01441931	0.01117662	0.01871149
"620"	0.01459448	0.01131035	0.01894537
"621"	0.0147197	0.01142951	0.01919433
"622"	0.01483859	0.0115267	0.01936954
"623"	0.01495895	0.01161204	0.01952595
"624"	0.01503547	0.01172324	0.01971828
"625"	0.01507262	0.01178138	0.01987481
"626"	0.01512593	0.01181462	0.02001191
"627"	0.01516559	0.01188417	0.02017216
"628"	0.01521905	0.01195662	0.02029498
"629"	0.01531343	0.01203919	0.02042434
"630"	0.01544968	0.01217232	0.02066985
"631"	0.01555963	0.01227483	0.02089471
"632"	0.01565254	0.01239567	0.02110993
"633"	0.01579171	0.01253536	0.02135886
"634"	0.01591385	0.012669	0.02154421
"635"	0.01598078	0.01276497	0.02169411
"636"	0.01600322	0.01280188	0.02181745
"637"	0.01599349	0.01276997	0.02186424
"638"	0.01597081	0.01272952	0.02184912
"639"	0.01594458	0.01273921	0.0217724
"640"	0.01588206	0.01265096	0.0216357
"641"	0.01577656	0.01253581	0.02145107
"642"	0.01567968	0.01247038	0.02133144
"643"	0.01563234	0.0124299	0.02123372
"644"	0.01551904	0.01233624	0.02104427
"645"	0.01539341	0.01225857	0.02092851
"646"	0.01530897	0.01218283	0.02078356
"647"	0.01527578	0.01209771	0.02062997
"648"	0.0152185	0.01201493	0.02049384
"649"	0.01511245	0.01193802	0.02035544
"650"	0.01501952	0.01185382	0.02021682
"651"	0.01486328	0.01171534	0.02001984
"652"	0.01473191	0.01162762	0.0198351
"653"	0.0145745	0.01148737	0.01951235
"654"	0.01430797	0.01129345	0.01915465
"655"	0.01405022	0.01114362	0.01883116
"656"	0.01380162	0.0109466	0.01848471
"657"	0.01357563	0.01075326	0.01814167
"658"	0.01335782	0.01054276	0.01777477
"659"	0.01307024	0.01030336	0.01734117
"660"	0.01281258	0.01011684	0.01692138
"661"	0.01263308	0.00997789	0.0166005
"662"	0.01245594	0.00984939	0.01633498
"663"	0.01229714	0.009700542	0.01608662
"664"	0.01211553	0.009545136	0.01575452
"665"	0.01186603	0.00934101	0.01542392
"666"	0.01170697	0.0091844	0.0151716
"667"	0.0116096	0.009084995	0.01493183
"668"	0.01152238	0.009018749	0.01475007
"669"	0.01139011	0.008842514	0.01451851
"670"	0.01124221	0.008680782	0.0142958
"671"	0.01114215	0.008622483	0.01414351
"672"	0.01108538	0.008570577	0.01403259
"673"	0.01103814	0.008523992	0.01391873
"674"	0.01095379	0.008439849	0.01374324
"675"	0.01092939	0.008337806	0.013566
"676"	0.01097476	0.008291101	0.01350772
"677"	0.01098111	0.008287176	0.01348059
"678"	0.01104025	0.008297944	0.01348196
"679"	0.01117146	0.008315647	0.01360689
"680"	0.0113091	0.008425539	0.01377448
"681"	0.0114159	0.008496578	0.01397743
"682"	0.01158649	0.008602997	0.01414993
"683"	0.01183944	0.008711357	0.01430641
"684"	0.01207342	0.008826826	0.01457359
"685"	0.01228746	0.008940592	0.01492466
"686"	0.01254327	0.00904432	0.01518828
"687"	0.01284801	0.009165386	0.01539505
"688"	0.01316415	0.009346105	0.01572684
"689"	0.01346529	0.009498497	0.01610028
"690"	0.01380908	0.009721098	0.01646312
"691"	0.01404067	0.00984421	0.01667432
"692"	0.01414975	0.009911043	0.01681947
"693"	0.01407236	0.009867671	0.01671289
"694"	0.01379554	0.009735833	0.0164069
"695"	0.01328894	0.009396491	0.01576868
"696"	0.01256984	0.008920979	0.01489881
"697"	0.01172253	0.008456137	0.01392983
"698"	0.01093833	0.008025269	0.01306329
"699"	0.01030586	0.007671588	0.0123307
"700"	0.009791079	0.007374218	0.01175785
"701"	0.009400271	0.007169876	0.01128449
"702"	0.009097406	0.006990986	0.01089505
"703"	0.008860386	0.006804946	0.01060899
"704"	0.008606934	0.006672178	0.01033075
"705"	0.008445717	0.006563689	0.01006025
"706"	0.008308809	0.006491019	0.009812958
"707"	0.008142876	0.006395581	0.009608065
"708"	0.008047882	0.006325932	0.009504237
"709"	0.00800964	0.0063134	0.009482292
"710"	0.007906375	0.006254575	0.009396722
"711"	0.007784851	0.006185065	0.009256276
"712"	0.007747577	0.006166604	0.009169104
"713"	0.007710711	0.006086154	0.009103541
"714"	0.007681706	0.006085886	0.009073775
"715"	0.007678469	0.006092387	0.009055673
"716"	0.007656413	0.006060043	0.009009183
"717"	0.007668453	0.006054566	0.008988724
"718"	0.007728081	0.006003686	0.009020113
"719"	0.007706225	0.006048589	0.008997019
"720"	0.007623433	0.006077365	0.00894244
"721"	0.007570562	0.006028806	0.008944634
"722"	0.00759113	0.005991107	0.008912042
"723"	0.007640698	0.006038494	0.008959537
"724"	0.007657796	0.006088158	0.009003156
"725"	0.007643599	0.006029838	0.008937331
"726"	0.007643565	0.006009958	0.008869627
"727"	0.007632201	0.005990251	0.008905166
"728"	0.007588938	0.006029293	0.008963975
"729"	0.007588298	0.006103298	0.008980609
"730"	0.007675569	0.006117402	0.008989294
"731"	0.007680155	0.006099976	0.008999326
"732"	0.007654997	0.006007128	0.008911856
"733"	0.007652333	0.005943183	0.008878538
"734"	0.007666935	0.006000656	0.008923043
"735"	0.007586848	0.005982209	0.008943389
"736"	0.00757916	0.00599672	0.008956444
"737"	0.007645453	0.006002069	0.008945388
"738"	0.007557008	0.005921681	0.008820887
"739"	0.007560245	0.005918526	0.008827535
"740"	0.007570427	0.005988216	0.00886218
"741"	0.007555322	0.006090504	0.008907562
"742"	0.007606303	0.006086119	0.008859913
"743"	0.007630312	0.006057267	0.008901444
"744"	0.007642216	0.00609509	0.008999966
"745"	0.007670274	0.006051398	0.00900874
"746"	0.007615947	0.005934141	0.008920369
"747"	0.007611766	0.005849428	0.008837402
"748"	0.007675906	0.005880158	0.008853065
"749"	0.007723325	0.005981736	0.008879495
"750"	0.007729565	0.006017426	0.008897239
"751"	0.007782996	0.00601395	0.008949535
"752"	0.007858227	0.006023589	0.009041094
"753"	0.007758809	0.005977194	0.008968862
"754"	0.007701267	0.005967531	0.00886339
"755"	0.007789945	0.005954692	0.008928016
"756"	0.007788899	0.005892995	0.008935315
"757"	0.007734017	0.005889026	0.008965404
"758"	0.007773112	0.005943716	0.009025659
"759"	0.007783366	0.006048188	0.008995572
"760"	0.00786204	0.006206485	0.00897982
"761"	0.007887682	0.006172876	0.008953996
"762"	0.007717086	0.005954464	0.008944225
"763"	0.007646128	0.005861918	0.008930007
"764"	0.007756044	0.005956148	0.008995267
"765"	0.007743597	0.006019615	0.00910116
"766"	0.007662517	0.006019103	0.009038304
"767"	0.007843888	0.006055132	0.009018058
"768"	0.0078809	0.006037793	0.008953016
"769"	0.007846047	0.005994735	0.00896348
"770"	0.007802156	0.00595229	0.00888468
"771"	0.007934652	0.005985606	0.008968817
"772"	0.008034009	0.006023904	0.00916052
"773"	0.008031984	0.005917802	0.009075591
"774"	0.007885354	0.00587351	0.008967485
"775"	0.007856506	0.005905434	0.00894999
"776"	0.007895544	0.005934492	0.008850019
"777"	0.007877526	0.006028495	0.008850181
"778"	0.007888829	0.006095168	0.008928003
"779"	0.007913664	0.005976002	0.009101843
"780"	0.008023141	0.006084001	0.00914551
"781"	0.007978321	0.006080229	0.00893057
"782"	0.007815988	0.005941646	0.008762387
"783"	0.007757157	0.005924246	0.008691131
"784"	0.0077918	0.005759219	0.008915275
"785"	0.007854279	0.005727396	0.008945304
"786"	0.007789101	0.005666614	0.008735525
"787"	0.007610856	0.005606295	0.008676763
"788"	0.007608866	0.005656434	0.008652263
"789"	0.007770177	0.005915412	0.00883125
"790"	0.007789776	0.0058207	0.008816076
"791"	0.00774498	0.005498784	0.00850933
"792"	0.007516113	0.005451127	0.008345917
"793"	0.007505056	0.005410293	0.008376498
"794"	0.007542781	0.005331771	0.008205611
"795"	0.00770717	0.005612758	0.008193182
"796"	0.007857248	0.005694644	0.008294175
"797"	0.00797876	0.005695519	0.008435498
"798"	0.008011835	0.005502047	0.008423175
"799"	0.007672028	0.005010151	0.008084494
"800"	0.007091274	0.005106104	0.007992829
"801"	0.007357458	0.005551126	0.008440156
"802"	0.007720998	0.005760939	0.008655104
"803"	0.007523934	0.005546852	0.008144177
"804"	0.007079587	0.005519488	0.007804361
"805"	0.007191246	0.005230573	0.007354483
"806"	0.007081911	0.004672318	0.007024695
"807"	0.006515366	0.00445566	0.006767689
"808"	0.006914526	0.004159372	0.006681895
"809"	0.007546725	0.003969416	0.006840798
"810"	0.007268262	0.004022989	0.006370313
"811"	0.006373921	0.003462474	0.005488661
"812"	0.005845036	0.003043703	0.005983284
"813"	0.006099939	0.003257219	0.006239661
"814"	0.006337945	0.003993535	0.005923696
"815"	0.006114859	0.003676011	0.005425121
"816"	0.006059282	0.002801203	0.005415676
"817"	0.006079005	0.002741377	0.00561854
"818"	0.006309872	0.002665315	0.005206672
"819"	0.006719847	0.003184873	0.004560022
"820"	0.007365882	0.003930099	0.005188503
"821"	0.006414944	0.003491963	0.005680318
"822"	0.005873045	0.003169302	0.005976825
"823"	0.006325707	0.003645197	0.005942495
"824"	0.006621733	0.003351549	0.006435026
"825"	0.006354991	0.003482102	0.006739941
"826"	0.005689407	0.003206694	0.006001478
"827"	0.006303249	0.003120831	0.005770999
"828"	0.006399476	0.003704422	0.005562491
"829"	0.006310578	0.004251964	0.006116341
"830"	0.00620133	0.003521307	0.00619398
"831"	0.006244387	0.003051925	0.005820798
"832"	0.006253362	0.002964273	0.00555151
"833"	0.005147239	0.002023231	0.004885094
"834"	0.00440025	0.001389301	0.003678094
"835"	0.004434526	0.002200344	0.003556187
"836"	0.005090914	0.002283954	0.004241897
"837"	0.005496383	0.001691481	0.004313633
"838"	0.005672085	0.002162581	0.004571215
"839"	0.005209574	0.001399541	0.004331351
"840"	0.004464152	0.001020715	0.003792142
"841"	0.005104257	0.001379213	0.004231533
"842"	0.004492876	0.001174776	0.00335411
"843"	0.004330301	0.001346016	0.003333627
"844"	0.004111487	0.001356669	0.003159264
"845"	0.004508343	0.001289933	0.002879701
"846"	0.004563186	0.000883318	0.002616675
"847"	0.004146276	0.0009776697	0.002752689
"848"	0.003906358	0.001278748	0.002732083
"849"	0.003670216	0.001266196	0.002847886
"850"	0.004589037	0.001858002	0.004063584
"851"	0.005317097	0.001694963	0.003680736
"852"	0.005612301	0.00226143	0.003702395
"853"	0.005297341	0.001997333	0.003882895
"854"	0.005316325	0.002354185	0.004545778
"855"	0.005248877	0.002798684	0.004599456
"856"	0.005343328	0.002903708	0.004959921
"857"	0.005392774	0.003123834	0.006254626
"858"	0.005625627	0.00327103	0.006199345
"859"	0.006124503	0.003305434	0.005658425
"860"	0.005783987	0.003301749	0.00565673
"861"	0.00565765	0.0036398	0.006316866
"862"	0.005459507	0.003841002	0.006392505
"863"	0.005731742	0.0039185	0.006534946
"864"	0.006502114	0.00450839	0.006842686
"865"	0.006565485	0.003940917	0.006647055
"866"	0.005918086	0.003653053	0.006321874
"867"	0.005961585	0.003935317	0.006637565
"868"	0.006419618	0.003933286	0.007093614
"869"	0.006480186	0.004082969	0.007461953
"870"	0.006433877	0.004126777	0.007528056
"871"	0.006326447	0.004175466	0.007341436
"872"	0.006452911	0.004272386	0.007519639
"873"	0.006532218	0.004433662	0.007810785
"874"	0.006596198	0.00453711	0.007800682
"875"	0.006471576	0.004666731	0.007635027
"876"	0.006430043	0.004820779	0.007518545
"877"	0.006426579	0.004718024	0.007503789
"878"	0.006808357	0.004323041	0.007649127
"879"	0.006817344	0.004390149	0.007588557
"880"	0.006710357	0.004553982	0.007708315
"881"	0.006654435	0.004358908	0.007823226
"882"	0.006593742	0.004238245	0.00758125
"883"	0.006355664	0.004525653	0.007655671
"884"	0.006259144	0.004617836	0.007684168
"885"	0.00646865	0.004576714	0.007720054
"886"	0.006501812	0.004507004	0.007541196
"887"	0.006655209	0.004679994	0.007900335
"888"	0.006956577	0.004885054	0.008187003
"889"	0.006818119	0.004762764	0.007723528
"890"	0.0068335	0.004677683	0.007650916
"891"	0.006774668	0.00485942	0.007885185
"892"	0.006834645	0.00497175	0.007829786
"893"	0.006740644	0.004957807	0.007787583
"894"	0.006639396	0.004933577	0.00776623
"895"	0.006701676	0.004855299	0.007762216
"896"	0.006790486	0.004924026	0.00761561
"897"	0.006771773	0.004609665	0.007421728
"898"	0.006445781	0.004588602	0.007526126
"899"	0.006295652	0.004592553	0.007493931
"900"	0.006214741	0.004200639	0.006943446
"901"	0.006236892	0.003820009	0.00647773
"902"	0.005902299	0.003766763	0.006547859
"903"	0.006041608	0.003829168	0.006267077
"904"	0.005907035	0.003624807	0.005724121
"905"	0.004981469	0.003100859	0.005669701
"906"	0.004804472	0.002938337	0.005939348
"907"	0.005117801	0.002784513	0.005612973
"908"	0.003962497	0.00215038	0.005232444
"909"	0.003572855	0.002111555	0.005023735
"910"	0.003611075	0.0008995925	0.00466154
"911"	0.002826432	-0.0001741507	0.003609505
"912"	0.002641444	8.035748e-05	0.003473979
"913"	0.002503987	-6.533541e-05	0.003796711
"914"	0.00367202	0.0006510746	0.003427822
"915"	0.004104798	0.0008204444	0.003433233
"916"	0.003472743	0.0005449991	0.004241558
"917"	0.005037512	0.001258164	0.005247771
"918"	0.006188088	0.002215616	0.005411361
"919"	0.005957789	0.002726293	0.005637476
"920"	0.005203001	0.002071935	0.006125847
"921"	0.004976308	0.002286758	0.006489435
"922"	0.005519672	0.002822164	0.006106424
"923"	0.006562962	0.002600409	0.00625269
"924"	0.006323892	0.00268455	0.006315016
"925"	0.006086968	0.003398568	0.006439728
"926"	0.006224488	0.003450466	0.006896112
"927"	0.005801985	0.002974433	0.007369859
"928"	0.005866228	0.003337961	0.007848781
"929"	0.006283146	0.003365976	0.006894227
"930"	0.005857126	0.003090014	0.006564812
"931"	0.006038753	0.003318596	0.007863895
"932"	0.005752659	0.003155692	0.007961109
"933"	0.005447831	0.003432665	0.007559132
"934"	0.005553566	0.003584547	0.007352503
"935"	0.006006533	0.003766663	0.007419571
"936"	0.00557716	0.003916288	0.007814571
"937"	0.005294557	0.003912076	0.007988074
"938"	0.005942337	0.004278096	0.008305939
"939"	0.006127763	0.003928225	0.008354035
"940"	0.00641185	0.003793168	0.008458015
"941"	0.006550584	0.004029344	0.008102532
"942"	0.005987015	0.004259559	0.007621545
"943"	0.005892828	0.004113862	0.007820036
"944"	0.006489031	0.003946648	0.00810368
"945"	0.006582506	0.004449992	0.008460009
"946"	0.006445848	0.00447858	0.008293139
"947"	0.006511263	0.004679056	0.008146387
"948"	0.006790822	0.005088634	0.00834326
"949"	0.007039478	0.005070665	0.008779875
"950"	0.007007925	0.004934348	0.009022805
"951"	0.00686633	0.00507791	0.00881716
"952"	0.006986895	0.004720029	0.008503596
"953"	0.006912855	0.004578535	0.008668102
"954"	0.007226495	0.005146879	0.00931212
"955"	0.007264648	0.005263218	0.009513963
"956"	0.007287422	0.005454519	0.009377025
"957"	0.007420589	0.005551239	0.009444595
"958"	0.007579158	0.005551935	0.009380776
"959"	0.007328506	0.005271201	0.009187291
"960"	0.007347113	0.004950735	0.00908448
"961"	0.007772814	0.005477362	0.009203115
"962"	0.007939046	0.005883633	0.009694447
"963"	0.008040278	0.006070694	0.01019702
"964"	0.008134654	0.005851648	0.01023127
"965"	0.007962549	0.005661246	0.01017463
"966"	0.007944602	0.005886676	0.01002671
"967"	0.007946269	0.006029339	0.01027117
"968"	0.007861413	0.005678107	0.01021696
"969"	0.008058706	0.005605112	0.009935055
"970"	0.008009687	0.005852554	0.01038225
"971"	0.007730184	0.005839058	0.01065763
"972"	0.007603438	0.005755632	0.01040625
"973"	0.007737958	0.005732914	0.01019518
"974"	0.007988306	0.005821372	0.01031966
"975"	0.00811423	0.006077606	0.01033054
"976"	0.008061225	0.006199925	0.01039245
"977"	0.008101607	0.006156057	0.01047733
"978"	0.008318901	0.006206377	0.01059908
"979"	0.008295937	0.006187788	0.01063356
"980"	0.00818625	0.006194023	0.01054464
"981"	0.008083439	0.00615079	0.01046134
"982"	0.008076838	0.006110171	0.01048001
"983"	0.008109592	0.0060898	0.01061223
"984"	0.008177546	0.006060597	0.01076067
"985"	0.008136167	0.00607864	0.01078494
"986"	0.008177799	0.006180851	0.01070769
"987"	0.008207415	0.006205618	0.01061537
"988"	0.008160037	0.006268475	0.01067419
"989"	0.008164713	0.006330377	0.01071444
"990"	0.008105691	0.00621548	0.01064196
"991"	0.008138616	0.006193622	0.01045036
"992"	0.00832496	0.006276332	0.0102961
"993"	0.008346614	0.006309686	0.01019715
"994"	0.008093077	0.006367119	0.01037111
"995"	0.008138757	0.006338737	0.01045234
"996"	0.0081895	0.006205071	0.01040743
"997"	0.008106395	0.006195967	0.01027582
"998"	0.008128381	0.006352508	0.01032204
"999"	0.00809305	0.006272485	0.01046206
"1000"	0.00806751	0.006223343	0.01034541
"1001"	0.008194063	0.006270596	0.01040261
"1002"	0.008223525	0.006235515	0.01049004
"1003"	0.008019458	0.006163156	0.01037744
"1004"	0.008070276	0.006249546	0.01040173
"1005"	0.008097404	0.006170342	0.01045441
"1006"	0.008229296	0.006261182	0.01068808
"1007"	0.008284423	0.006259874	0.01059663
"1008"	0.008241077	0.006352026	0.01060839
"1009"	0.008208707	0.00636826	0.01059215
"1010"	0.00832135	0.006254735	0.01081272
"1011"	0.008406756	0.006280059	0.01095709
"1012"	0.008385057	0.006239373	0.01101124
"1013"	0.008427355	0.006323802	0.01111096
"1014"	0.008489948	0.006305838	0.01126731
"1015"	0.00853236	0.006328331	0.01126262
"1016"	0.008690061	0.006442471	0.01116381
"1017"	0.008556521	0.006405066	0.0112004
"1018"	0.008470948	0.006361566	0.01123301
"1019"	0.00837385	0.006436308	0.01130749
"1020"	0.008487438	0.006626561	0.01120068
"1021"	0.008486729	0.006548149	0.0111538
"1022"	0.008461172	0.006616161	0.01120033
"1023"	0.008576738	0.006620101	0.01125336
"1024"	0.008535993	0.006528799	0.01102415
"1025"	0.008435129	0.006632979	0.01090082
"1026"	0.008384794	0.0067737	0.01100971
"1027"	0.008503656	0.006840253	0.01114488
"1028"	0.008552321	0.006748595	0.01110465
"1029"	0.008470642	0.006687432	0.01113105
"1030"	0.00859997	0.006721688	0.01109018
"1031"	0.00868109	0.006767801	0.0109904
"1032"	0.008706824	0.006774971	0.01092967
"1033"	0.008691527	0.006780137	0.01103644
"1034"	0.008674123	0.006811648	0.0110188
"1035"	0.008731742	0.006811024	0.01092171
"1036"	0.008712432	0.006817208	0.01087889
"1037"	0.008613907	0.006810371	0.01083716
"1038"	0.00869101	0.006858073	0.01093024
"1039"	0.008770881	0.006962705	0.01097533
"1040"	0.008838574	0.006922876	0.01096718
"1041"	0.008742313	0.006989608	0.01097931
"1042"	0.0087319	0.007046786	0.01093524
"1043"	0.008744476	0.006894765	0.01092899
"1044"	0.008676122	0.006872715	0.01093211
"1045"	0.00863911	0.006923549	0.01090724
"1046"	0.008634412	0.006912069	0.01087707
"1047"	0.008522246	0.006916244	0.0108555
"1048"	0.008592705	0.006955668	0.01090581
"1049"	0.008617107	0.006899444	0.0109436
"1050"	0.008722671	0.00678712	0.01088247
"1051"	0.008742178	0.0067395	0.01087034
"1052"	0.00871378	0.006753398	0.01089049
"1053"	0.008575064	0.006696158	0.01079415
"1054"	0.008546745	0.006670417	0.01088057
"1055"	0.008651515	0.006709954	0.01097207
"1056"	0.00867139	0.006756932	0.01103987
"1057"	0.008621771	0.006788096	0.01106421
"1058"	0.008659086	0.006793212	0.01101251
"1059"	0.00873359	0.006814046	0.0108805
"1060"	0.008671255	0.006653459	0.01068821
"1061"	0.008565095	0.006575207	0.01076419
"1062"	0.008622852	0.006721765	0.01086776
"1063"	0.008703571	0.006821787	0.01099504
"1064"	0.008765404	0.006771874	0.01099311
"1065"	0.008740656	0.006666817	0.01087996
"1066"	0.00866659	0.006678223	0.01082913
"1067"	0.00873048	0.00669636	0.01089671
"1068"	0.008823256	0.006698008	0.01090534
"1069"	0.008743868	0.006715136	0.01076803
"1070"	0.008705295	0.00677036	0.01082812
"1071"	0.00871138	0.006750033	0.01098332
"1072"	0.008642456	0.006759287	0.010984
"1073"	0.008689407	0.006855817	0.01102176
"1074"	0.008787855	0.006893385	0.01102689
"1075"	0.008751509	0.006851879	0.01100527
"1076"	0.008780889	0.006792707	0.0109405
"1077"	0.008738121	0.006799674	0.01097064
"1078"	0.008568339	0.006804823	0.0110084
"1079"	0.008644687	0.006797217	0.01100072
"1080"	0.008711549	0.006746971	0.01099015
"1081"	0.008676223	0.006650095	0.01098913
"1082"	0.008778353	0.006803376	0.01092423
"1083"	0.008855212	0.006936477	0.01090907
"1084"	0.008850511	0.006913853	0.01099243
"1085"	0.008822445	0.006881872	0.01107913
"1086"	0.008860758	0.00692126	0.01106924
"1087"	0.008808513	0.006875173	0.0108946
"1088"	0.008816527	0.006870864	0.01096184
"1089"	0.008870091	0.006811757	0.01097411
"1090"	0.00889346	0.006846863	0.0110173
"1091"	0.008821937	0.006916513	0.01101703
"1092"	0.008759048	0.0068915	0.01098138
"1093"	0.008778455	0.006873389	0.01113613
"1094"	0.008851222	0.00688544	0.01129958
"1095"	0.008856429	0.006927959	0.0112821
"1096"	0.008895794	0.006920687	0.0111139
"1097"	0.008879391	0.0068162	0.01111859
"1098"	0.00888088	0.006854437	0.01124513
"1099"	0.00880121	0.006877933	0.0111327
"1100"	0.008876246	0.006913079	0.01110911
"1101"	0.009070745	0.006962435	0.01118233
"1102"	0.008978829	0.006915031	0.01117081
"1103"	0.008896402	0.006853764	0.01113352
"1104"	0.008975616	0.006877529	0.01120029
"1105"	0.009055351	0.006866589	0.01129893
"1106"	0.009132765	0.006870898	0.01132093
"1107"	0.00899307	0.006950685	0.01134379
"1108"	0.008954644	0.006973244	0.01135079
"1109"	0.009015363	0.007025099	0.01141212
"1110"	0.0090088	0.006994793	0.01139756
"1111"	0.008977544	0.007033989	0.01128601
"1112"	0.009046385	0.007008094	0.01139862
"1113"	0.009173407	0.007035201	0.01143331
"1114"	0.009210804	0.007024257	0.01144066
"1115"	0.009071387	0.006983513	0.01144648
"1116"	0.008971184	0.007004188	0.01148094
"1117"	0.00906929	0.007127919	0.01148193
"1118"	0.009146403	0.007069652	0.01136804
"1119"	0.009174456	0.006947991	0.01145155
"1120"	0.009180616	0.006994726	0.0115415
"1121"	0.0091462	0.00703537	0.01148649
"1122"	0.009158923	0.007064567	0.01145359
"1123"	0.009266684	0.006985837	0.01147148
"1124"	0.009330831	0.006966711	0.01161194
"1125"	0.009288009	0.007081507	0.01170752
"1126"	0.009271795	0.007092453	0.01162655
"1127"	0.009318408	0.007112526	0.01158629
"1128"	0.00934031	0.007068171	0.01171831
"1129"	0.009335436	0.007227058	0.01186699
"1130"	0.009330189	0.007152542	0.01183137
"1131"	0.009483504	0.007133577	0.01182085
"1132"	0.009448421	0.007214693	0.01182265
"1133"	0.009318137	0.007221162	0.01186181
"1134"	0.009294881	0.007223655	0.01185265
"1135"	0.009354936	0.007145434	0.01174363
"1136"	0.009379922	0.007116063	0.0117659
"1137"	0.009469484	0.007100233	0.01181169
"1138"	0.009430779	0.007135127	0.01180577
"1139"	0.00941737	0.007232448	0.01181554
"1140"	0.009491801	0.007215805	0.01192369
"1141"	0.009574816	0.007223284	0.01201923
"1142"	0.0096426	0.007304855	0.01202311
"1143"	0.009636706	0.007362715	0.01196228
"1144"	0.009653712	0.007406932	0.01201868
"1145"	0.009712326	0.007428773	0.01196582
"1146"	0.009675328	0.007490863	0.01195877
"1147"	0.009659234	0.007483818	0.01208238
"1148"	0.009736012	0.007518844	0.01214685
"1149"	0.009737333	0.007483717	0.01212126
"1150"	0.009708057	0.00748011	0.01213438
"1151"	0.009791994	0.007552052	0.01220031
"1152"	0.009865676	0.007563718	0.01223869
"1153"	0.009860558	0.007510079	0.0122057
"1154"	0.009845373	0.007590017	0.01221296
"1155"	0.009870624	0.007605865	0.01224949
"1156"	0.009888827	0.007621713	0.01228545
"1157"	0.009854762	0.007615003	0.01231347
"1158"	0.009913437	0.00768744	0.01235983
"1159"	0.009947778	0.007686496	0.01239573
"1160"	0.009991683	0.007632639	0.01241264
"1161"	0.0100363	0.007669903	0.01242242
"1162"	0.009989615	0.007694792	0.01243538
"1163"	0.009963713	0.007696175	0.01249665
"1164"	0.01000463	0.007750849	0.01250133
"1165"	0.01004163	0.007789203	0.01249437
"1166"	0.01009202	0.007808262	0.01254774
"1167"	0.0101491	0.00783623	0.01261814
"1168"	0.01016484	0.007851142	0.0126716
"1169"	0.01018183	0.007871756	0.01269711
"1170"	0.01022579	0.007936373	0.01270489
"1171"	0.0102759	0.008000528	0.01275119
"1172"	0.01027224	0.008012239	0.01283463
"1173"	0.01029195	0.008006671	0.01285592
"1174"	0.01035696	0.008008898	0.01287016
"1175"	0.01040396	0.007986353	0.01289852
"1176"	0.01039039	0.008030364	0.01290613
"1177"	0.01035974	0.008055544	0.01293375
"1178"	0.01036931	0.008089941	0.01292559
"1179"	0.0104061	0.008154287	0.01294894
"1180"	0.01040739	0.008151248	0.01297748
"1181"	0.01043573	0.008127986	0.01298898
"1182"	0.0104714	0.008133085	0.01298396
"1183"	0.0104472	0.008124915	0.01298837
"1184"	0.01040301	0.008131734	0.01298256
"1185"	0.01045199	0.008137507	0.01302616
"1186"	0.01052279	0.008172822	0.0131036
"1187"	0.01048769	0.008188489	0.01309449
"1188"	0.0104843	0.008168568	0.01305375
"1189"	0.01051774	0.008183086	0.01310709
"1190"	0.01053131	0.008179879	0.01313113
"1191"	0.01052985	0.008174713	0.01312464
"1192"	0.01052928	0.008203886	0.01309496
"1193"	0.01054578	0.008205507	0.01315036
"1194"	0.0105565	0.008234682	0.01319561
"1195"	0.01060699	0.008262575	0.01318051
"1196"	0.01063283	0.008271828	0.01319541
"1197"	0.01063432	0.008247041	0.01319059
"1198"	0.0106041	0.008258219	0.01315903
"1199"	0.01060112	0.008272842	0.01318707
"1200"	0.01063161	0.008271795	0.01323663
"1201"	0.0106746	0.008295806	0.01332368
"1202"	0.01069772	0.008317388	0.0133584
"1203"	0.01072965	0.008338903	0.0133301
"1204"	0.01070964	0.00833431	0.0133655
"1205"	0.01067976	0.008314854	0.01332409
"1206"	0.01067904	0.008336978	0.01329618
"1207"	0.01073882	0.00838555	0.01336841
"1208"	0.01080264	0.008406191	0.01342838
"1209"	0.01080712	0.008395988	0.01342172
"1210"	0.01078671	0.008394469	0.01337111
"1211"	0.01077343	0.008390347	0.01340665
"1212"	0.01074758	0.008331168	0.01343932
"1213"	0.01080016	0.008358055	0.01345541
"1214"	0.01082601	0.008390821	0.01345702
"1215"	0.01083623	0.008382612	0.01348084
"1216"	0.01086314	0.0083843	0.013513
"1217"	0.0108663	0.008361128	0.01352049
"1218"	0.01085285	0.008358088	0.01351646
"1219"	0.01087163	0.00842217	0.01353006
"1220"	0.01092015	0.008491194	0.0135838
"1221"	0.01091679	0.008501229	0.0136131
"1222"	0.01090734	0.008501499	0.013597
"1223"	0.01093952	0.008524983	0.01361703
"1224"	0.01096599	0.008557153	0.01367512
"1225"	0.0110186	0.008573476	0.01369742
"1226"	0.01102927	0.008528261	0.01366374
"1227"	0.01102736	0.008559316	0.01370569
"1228"	0.01101401	0.008567629	0.01375706
"1229"	0.01103362	0.008574253	0.01383634
"1230"	0.01108603	0.008621669	0.01386306
"1231"	0.01113144	0.008639076	0.01381407
"1232"	0.01118444	0.008651278	0.01386473
"1233"	0.01118709	0.008644518	0.01393264
"1234"	0.01119355	0.008639482	0.0139515
"1235"	0.01121749	0.008658444	0.01397411
"1236"	0.0112552	0.008623225	0.01400967
"1237"	0.01125744	0.008633972	0.01404454
"1238"	0.01127448	0.008722299	0.01410255
"1239"	0.01132546	0.008762733	0.01413438
"1240"	0.0113963	0.008772335	0.01414417
"1241"	0.01145264	0.008810441	0.01420648
"1242"	0.01147063	0.008839657	0.01426818
"1243"	0.01150486	0.008830662	0.01434495
"1244"	0.01150894	0.008811861	0.01436964
"1245"	0.01156352	0.008879357	0.01441198
"1246"	0.01163863	0.008891905	0.01443678
"1247"	0.0116518	0.008893562	0.0144959
"1248"	0.01167913	0.008944158	0.01453085
"1249"	0.01170779	0.008954543	0.01454846
"1250"	0.01177135	0.009025275	0.01461507
"1251"	0.01186736	0.009086748	0.01474809
"1252"	0.01191906	0.0090835	0.01479721
"1253"	0.01195962	0.009154998	0.01486574
"1254"	0.01203278	0.009229587	0.01494101
"1255"	0.0120706	0.009233987	0.01502868
"1256"	0.01211649	0.009256124	0.01516051
"1257"	0.01218293	0.009284421	0.01526305
"1258"	0.01226411	0.009320913	0.01533821
"1259"	0.01241165	0.009432472	0.01546534
"1260"	0.01251858	0.009520623	0.01559164
"1261"	0.01264325	0.009607809	0.01577196
"1262"	0.01273475	0.009680613	0.01593461
"1263"	0.0128791	0.009779963	0.0161347
"1264"	0.01304125	0.009868455	0.01638354
"1265"	0.01323814	0.01002671	0.01665886
"1266"	0.01352141	0.01025371	0.01705291
"1267"	0.01386101	0.01054968	0.01756282
"1268"	0.01434036	0.01094631	0.01823975
"1269"	0.01500703	0.01154321	0.01936407
"1270"	0.0158556	0.01242402	0.02104034
"1271"	0.01659816	0.01314431	0.02240323
"1272"	0.01679284	0.01313557	0.0225212
"1273"	0.01653224	0.01259037	0.02166291
"1274"	0.01626	0.01206791	0.02073662
"1275"	0.01597524	0.01170078	0.02006981
"1276"	0.01568037	0.01148431	0.01963293
"1277"	0.01544192	0.01140753	0.0192571
"1278"	0.01524805	0.01128142	0.01892157
"1279"	0.01505739	0.01113025	0.01878316
"1280"	0.01491927	0.01104616	0.01865602
"1281"	0.01488241	0.01104769	0.01861086
"1282"	0.01484452	0.01101758	0.01861051
"1283"	0.01483578	0.01108436	0.01862476
"1284"	0.01483893	0.01115554	0.0186452
"1285"	0.01484572	0.01109714	0.01867401
"1286"	0.01490182	0.01111907	0.01874316
"1287"	0.01495854	0.01119413	0.01878862
"1288"	0.01504034	0.01122827	0.01885184
"1289"	0.01509427	0.01127322	0.01902188
"1290"	0.01525186	0.01141233	0.01924668
"1291"	0.01539709	0.01152854	0.01939172
"1292"	0.01550362	0.01164792	0.01955265
"1293"	0.01558361	0.01168794	0.01971583
"1294"	0.01572338	0.011747	0.0198628
"1295"	0.01582656	0.01180417	0.02002879
"1296"	0.01588099	0.01187352	0.02019367
"1297"	0.01596073	0.01194402	0.02036612
"1298"	0.01609403	0.01207697	0.02050681
"1299"	0.01616992	0.01216637	0.02065933
"1300"	0.01628064	0.01224315	0.02085136
"1301"	0.01642146	0.01234779	0.02115311
"1302"	0.01666102	0.01259368	0.02159339
"1303"	0.01705346	0.01301308	0.02225575
"1304"	0.0175455	0.01355587	0.02332746
"1305"	0.01818553	0.0142377	0.02471302
"1306"	0.01864814	0.0147642	0.02571815
"1307"	0.01867671	0.01480715	0.02580218
"1308"	0.01843921	0.01445877	0.02517169
"1309"	0.01807098	0.01394606	0.0242806
"1310"	0.01773836	0.01343791	0.02337151
"1311"	0.01742714	0.01298813	0.02259809
"1312"	0.01713273	0.01260221	0.02197299
"1313"	0.01678093	0.01232598	0.02132381
"1314"	0.01641664	0.01211645	0.02073189
"1315"	0.0160671	0.01177509	0.02020645
"1316"	0.01573073	0.0114725	0.01972328
"1317"	0.01539513	0.01119555	0.01929441
"1318"	0.01510513	0.01101264	0.01886862
"1319"	0.01481053	0.01086168	0.01843655
"1320"	0.01452269	0.01074244	0.01810286
"1321"	0.01418624	0.01055022	0.01777492
"1322"	0.01392065	0.01038088	0.01744739
"1323"	0.01366792	0.01022235	0.01715482
"1324"	0.01347835	0.0101336	0.01690162
"1325"	0.013334	0.01004453	0.0167292
"1326"	0.01316472	0.009902062	0.01656656
"1327"	0.01294038	0.00980802	0.01636173
"1328"	0.01272829	0.009766147	0.01619489
"1329"	0.01257731	0.009612148	0.01597266
"1330"	0.01243105	0.009436881	0.0157444
"1331"	0.01229487	0.009350185	0.0155221
"1332"	0.01218599	0.009254426	0.01530825
"1333"	0.01210777	0.009172601	0.01511794
"1334"	0.01196421	0.0090057	0.01492922
"1335"	0.01182071	0.009003998	0.01484668
"1336"	0.01172868	0.008984262	0.01470688
"1337"	0.01160387	0.008928631	0.01456182
"1338"	0.01157452	0.008849254	0.01450512
"1339"	0.01163092	0.008849438	0.01444548
"1340"	0.01157302	0.008884834	0.01438797
"1341"	0.01147687	0.008837809	0.0142664
"1342"	0.01143041	0.008793802	0.0142287
"1343"	0.01142513	0.008764121	0.01421007
"1344"	0.01144716	0.008771128	0.01418063
"1345"	0.01135283	0.008699752	0.01412182
"1346"	0.01127705	0.008649535	0.01405891
"1347"	0.01130306	0.008705225	0.01404526
"1348"	0.01135028	0.008719998	0.01407931
"1349"	0.01140463	0.008687451	0.01413661
"1350"	0.01135931	0.008708167	0.01417183
"1351"	0.01129696	0.008666125	0.01417553
"1352"	0.01130248	0.008657526	0.01418782
"1353"	0.0113121	0.008690936	0.01419884
"1354"	0.01132456	0.008730755	0.01421832
"1355"	0.01142692	0.008786665	0.0142465
"1356"	0.01150171	0.008812809	0.01422603
"1357"	0.01144787	0.008790967	0.01421778
"1358"	0.01140398	0.008746174	0.01426913
"1359"	0.01144437	0.008718341	0.01436136
"1360"	0.01149396	0.008700633	0.01441386
"1361"	0.01156402	0.008704588	0.01446298
"1362"	0.01157127	0.008794224	0.01448799
"1363"	0.01161177	0.008829152	0.01450505
"1364"	0.01166316	0.00884554	0.01452338
"1365"	0.0117148	0.008852935	0.01460363
"1366"	0.01180035	0.008953267	0.01468488
"1367"	0.01184365	0.009003101	0.01472961
"1368"	0.01186947	0.00900599	0.01477174
"1369"	0.01190361	0.009055289	0.01481881
"1370"	0.01194978	0.009073487	0.01493316
"1371"	0.01206009	0.00913302	0.01502014
"1372"	0.012155	0.009211856	0.01511197
"1373"	0.01212061	0.009236996	0.01513197
"1374"	0.01202564	0.009262981	0.01516268
"1375"	0.01212543	0.009265223	0.0152614
"1376"	0.0121961	0.009322109	0.01533784
"1377"	0.01222546	0.009340746	0.01534196
"1378"	0.01229083	0.009384825	0.01532352
"1379"	0.01237413	0.009373523	0.01538603
"1380"	0.01243435	0.009375433	0.015545
"1381"	0.01252668	0.009488263	0.01564131
"1382"	0.01255666	0.009493765	0.01566556
"1383"	0.01254222	0.009479362	0.01576138
"1384"	0.0126247	0.009572674	0.01589567
"1385"	0.01261935	0.009649388	0.01588103
"1386"	0.01264671	0.009638923	0.01592743
"1387"	0.01275322	0.009638192	0.01599958
"1388"	0.01280344	0.009694884	0.01605871
"1389"	0.01286444	0.009727712	0.01614877
"1390"	0.012928	0.009771852	0.01622357
"1391"	0.01295493	0.009843824	0.01625917
"1392"	0.01299334	0.009830358	0.01626399
"1393"	0.01305916	0.009865155	0.01629691
"1394"	0.01311589	0.009912939	0.01638994
"1395"	0.01317415	0.009967382	0.01650787
"1396"	0.0132478	0.01005305	0.01661128
"1397"	0.0133059	0.01002974	0.01664932
"1398"	0.01336212	0.009986752	0.01669466
"1399"	0.01345129	0.01004856	0.01684034
"1400"	0.01346639	0.01014025	0.01684151
"1401"	0.01346649	0.01010293	0.01678558
"1402"	0.01351744	0.01014537	0.01685232
"1403"	0.01363647	0.01025313	0.01706108
"1404"	0.0137577	0.01027019	0.01718081
"1405"	0.01380255	0.01028918	0.01720281
"1406"	0.01384865	0.01036924	0.01727745
"1407"	0.01390317	0.01037287	0.01737824
"1408"	0.01389417	0.01041537	0.01739066
"1409"	0.01391106	0.01048111	0.01747685
"1410"	0.01401747	0.01055088	0.01759594
"1411"	0.0140786	0.01061265	0.01767928
"1412"	0.0141926	0.01061657	0.01775524
"1413"	0.01424421	0.0106213	0.0177977
"1414"	0.01432745	0.01073637	0.01793393
"1415"	0.0143099	0.01072795	0.01794405
"1416"	0.0143474	0.01077861	0.01807429
"1417"	0.01449383	0.01082855	0.01821815
"1418"	0.01462451	0.01089618	0.01833223
"1419"	0.01463942	0.01091902	0.01834246
"1420"	0.01464971	0.01094957	0.01835804
"1421"	0.01479197	0.01103049	0.01847357
"1422"	0.01491341	0.01118253	0.0186782
"1423"	0.014987	0.01126836	0.01876641
"1424"	0.01505298	0.01120576	0.01882945
"1425"	0.01506393	0.01118223	0.01888994
"1426"	0.01517516	0.01128001	0.01897079
"1427"	0.01523581	0.01139106	0.01912658
"1428"	0.01533426	0.01146134	0.01933314
"1429"	0.01544301	0.01149215	0.01938344
"1430"	0.01550219	0.01154154	0.01946462
"1431"	0.01554613	0.01157015	0.01951928
"1432"	0.01560536	0.01163829	0.01962655
"1433"	0.01570382	0.01171616	0.0197582
"1434"	0.01578243	0.01171783	0.01981035
"1435"	0.0158974	0.01179138	0.01992634
"1436"	0.01599791	0.0119305	0.01999201
"1437"	0.01603671	0.01195175	0.0200782
"1438"	0.01606099	0.01196517	0.02024658
"1439"	0.01613828	0.01200901	0.02037421
"1440"	0.01626483	0.01206788	0.02047683
"1441"	0.01635092	0.01206673	0.02065877
"1442"	0.01633129	0.01210283	0.02078183
"1443"	0.01643891	0.01229399	0.02080422
"1444"	0.01656035	0.01234475	0.02088925
"1445"	0.01664799	0.01230194	0.02098929
"1446"	0.0167983	0.01237876	0.02111087
"1447"	0.01688542	0.01244173	0.02117662
"1448"	0.01699833	0.0125383	0.02139544
"1449"	0.01707452	0.01264388	0.02154012
"1450"	0.01713867	0.01271581	0.02159378
"1451"	0.01720822	0.01277902	0.02164636
"1452"	0.01727382	0.01279782	0.02175821
"1453"	0.01728241	0.01276354	0.02183625
"1454"	0.01738873	0.01284641	0.02192863
"1455"	0.01758089	0.01295545	0.02206373
"1456"	0.01764729	0.01300108	0.0221723
"1457"	0.01764135	0.01303119	0.02221812
"1458"	0.01772655	0.01309929	0.02235788
"1459"	0.01784126	0.01316915	0.02253282
"1460"	0.01793027	0.01330318	0.02267467
"1461"	0.01798448	0.01338696	0.02274272
"1462"	0.01805491	0.01345927	0.02285956
"1463"	0.01809568	0.01350285	0.0230199
"1464"	0.01819276	0.01350302	0.02312032
"1465"	0.01832824	0.01354858	0.02320682
"1466"	0.01841363	0.0136411	0.02324953
"1467"	0.01848558	0.0136911	0.02337532
"1468"	0.01850908	0.01372203	0.02350237
"1469"	0.01856126	0.01372652	0.02357331
"1470"	0.01869765	0.01388088	0.02367953
"1471"	0.01879988	0.01401905	0.02381161
"1472"	0.01882809	0.01403467	0.02390059
"1473"	0.01891154	0.01408069	0.02405798
"1474"	0.01909849	0.01413091	0.02427696
"1475"	0.01919479	0.01412596	0.02438373
"1476"	0.01926674	0.01416685	0.0244403
"1477"	0.01934568	0.01422453	0.02445232
"1478"	0.01935857	0.01428604	0.02458986
"1479"	0.0193526	0.01437698	0.02465898
"1480"	0.01946412	0.01431164	0.02474056
"1481"	0.01966186	0.01443577	0.02491275
"1482"	0.01971579	0.0145721	0.02500831
"1483"	0.01967193	0.01463676	0.02510119
"1484"	0.01969296	0.01460751	0.02513672
"1485"	0.01990433	0.01469929	0.02525958
"1486"	0.02005877	0.01485862	0.02541932
"1487"	0.02000277	0.01488066	0.02555843
"1488"	0.01998569	0.01486562	0.02558785
"1489"	0.02017456	0.01493923	0.02568145
"1490"	0.02021949	0.01490286	0.0257269
"1491"	0.02021481	0.01498199	0.02575696
"1492"	0.02014043	0.0149686	0.02570838
"1493"	0.02012654	0.01492539	0.02578991
"1494"	0.02017303	0.0150322	0.02585391
"1495"	0.02017631	0.01506304	0.02579866
"1496"	0.02018042	0.01511652	0.02580781
"1497"	0.02024527	0.01513841	0.02579149
"1498"	0.02029246	0.01516488	0.02584807
"1499"	0.02023995	0.01508592	0.02589287
"1500"	0.02021382	0.01506026	0.02589903
"1501"	0.02016559	0.01504735	0.02584205
"1502"	0.02021241	0.01503042	0.02580436
"1503"	0.02027656	0.01506517	0.02588355
"1504"	0.02022709	0.01511336	0.02589438
"1505"	0.02020694	0.01513839	0.02583013
"1506"	0.02029051	0.01514599	0.02582412
"1507"	0.02023538	0.0150756	0.02581477
"1508"	0.02012435	0.01495763	0.025843
"1509"	0.02015278	0.01500047	0.02583857
"1510"	0.02021825	0.01515162	0.02582103
"1511"	0.02027565	0.01518509	0.02589452
"1512"	0.02030204	0.01519002	0.02595766
"1513"	0.02032882	0.01516783	0.02591179
"1514"	0.02038023	0.01518347	0.02595351
"1515"	0.02033114	0.01517746	0.02591598
"1516"	0.02031508	0.01516169	0.02593726
"1517"	0.02028973	0.01518392	0.02599354
"1518"	0.02027747	0.01519808	0.02597268
"1519"	0.02032459	0.01523225	0.02600603
"1520"	0.02034743	0.01524172	0.02606309
"1521"	0.02029048	0.01512973	0.02602421
"1522"	0.02034659	0.01510976	0.02603111
"1523"	0.02035819	0.01514108	0.0259412
"1524"	0.02026165	0.01507223	0.02589867
"1525"	0.02018637	0.01504015	0.02584466
"1526"	0.02022934	0.01512148	0.02586653
"1527"	0.02022426	0.01512711	0.02588693
"1528"	0.02017321	0.01512636	0.02584849
"1529"	0.02014885	0.01509174	0.0257435
"1530"	0.02012663	0.01499914	0.02566763
"1531"	0.01999263	0.01485044	0.02554915
"1532"	0.0198566	0.01481036	0.02553081
"1533"	0.01979256	0.01484913	0.02551503
"1534"	0.01978782	0.01479443	0.02542333
"1535"	0.01973964	0.01471366	0.0253183
"1536"	0.01968556	0.01471525	0.02526284
"1537"	0.0196699	0.01484163	0.02518204
"1538"	0.01956005	0.01477174	0.0250981
"1539"	0.019461	0.01465161	0.02502459
"1540"	0.0194062	0.0146613	0.02491376
"1541"	0.019334	0.01460385	0.02484706
"1542"	0.0193198	0.01452751	0.02478177
"1543"	0.01926675	0.01450836	0.02474992
"1544"	0.01915612	0.01444981	0.02468931
"1545"	0.01914793	0.01435248	0.02457513
"1546"	0.0191871	0.01434156	0.02456458
"1547"	0.01910621	0.01426336	0.02451276
"1548"	0.01904518	0.01421404	0.0243586
"1549"	0.01898564	0.01412936	0.02425761
"1550"	0.01889711	0.01408887	0.02415346
"1551"	0.01884039	0.01408527	0.02408463
"1552"	0.01873355	0.01404257	0.02403932
"1553"	0.01868858	0.01397799	0.02399211
"1554"	0.01855024	0.01388591	0.02391617
"1555"	0.01842223	0.01381421	0.02386194
"1556"	0.0184081	0.0137967	0.02371631
"1557"	0.01836195	0.01370894	0.02346922
"1558"	0.01832792	0.01362177	0.02338392
"1559"	0.01829605	0.01361683	0.02338753
"1560"	0.01823333	0.013528	0.02334375
"1561"	0.01811207	0.01346931	0.02321307
"1562"	0.01801872	0.01347841	0.02308929
"1563"	0.01788005	0.01337439	0.02296797
"1564"	0.01784226	0.0132463	0.02285472
"1565"	0.01773326	0.01326541	0.02275824
"1566"	0.01758176	0.01315387	0.0226104
"1567"	0.01748121	0.01305387	0.02241471
"1568"	0.0173449	0.01302276	0.02225709
"1569"	0.01727655	0.01290789	0.02208827
"1570"	0.01718364	0.0128472	0.02196077
"1571"	0.01696464	0.01280784	0.02181544
"1572"	0.01677304	0.01265423	0.02167831
"1573"	0.01667266	0.01246847	0.02145999
"1574"	0.01664135	0.01234586	0.02135409
"1575"	0.01654241	0.01231398	0.02122632
"1576"	0.01642327	0.01227094	0.02106736
"1577"	0.01625759	0.01216112	0.0208444
"1578"	0.01614902	0.0121256	0.02069686
"1579"	0.01607478	0.01207145	0.02061912
"1580"	0.01587387	0.01186576	0.0203658
"1581"	0.01567333	0.01168649	0.02013149
"1582"	0.01557017	0.01159828	0.02008646
"1583"	0.01547315	0.01156937	0.01998866
"1584"	0.01540013	0.01144548	0.01973675
"1585"	0.01530407	0.01132168	0.0194927
"1586"	0.01508772	0.01125872	0.01933159
"1587"	0.01493056	0.01118971	0.01915982
"1588"	0.01482614	0.01115538	0.01907414
"1589"	0.01469822	0.01103165	0.01894311
"1590"	0.01466165	0.01091309	0.01873294
"1591"	0.01453718	0.01079415	0.0184755
"1592"	0.01443654	0.01078694	0.01840525
"1593"	0.01425131	0.01070045	0.0182376
"1594"	0.01410318	0.01055838	0.01811465
"1595"	0.0140181	0.01042055	0.01795658
"1596"	0.01399497	0.01030447	0.01780919
"1597"	0.01388232	0.01023962	0.01769373
"1598"	0.0137118	0.01016342	0.01749425
"1599"	0.01366985	0.01012951	0.01741889
"1600"	0.01359986	0.01006503	0.01730662
"1601"	0.0134855	0.00995947	0.01710434
"1602"	0.01336437	0.009930305	0.01692532
"1603"	0.01326978	0.009854612	0.01678431
"1604"	0.01316645	0.009766841	0.0166489
"1605"	0.01301002	0.009679769	0.01648463
"1606"	0.01295486	0.009628154	0.0164005
"1607"	0.01289767	0.009603351	0.01629969
"1608"	0.01279042	0.009506961	0.01605531
"1609"	0.01268759	0.009453532	0.01597744
"1610"	0.01257288	0.009332617	0.01586219
"1611"	0.01247094	0.009221208	0.01565569
"1612"	0.01243262	0.009113901	0.01553984
"1613"	0.0123476	0.009068339	0.01548283
"1614"	0.01225303	0.009020928	0.01542499
"1615"	0.01219687	0.008886799	0.01536766
"1616"	0.01204377	0.008833107	0.01526705
"1617"	0.01195701	0.008832457	0.01507961
"1618"	0.01188088	0.008750047	0.01489823
"1619"	0.01169377	0.008624163	0.01470295
"1620"	0.01154721	0.008541319	0.01455841
"1621"	0.01151116	0.008591066	0.01452417
"1622"	0.01141236	0.008509661	0.01441084
"1623"	0.01130626	0.0084225	0.01419852
"1624"	0.0112251	0.00840588	0.01405625
"1625"	0.01114424	0.008303396	0.01391359
"1626"	0.01102176	0.008187775	0.01384119
"1627"	0.01097004	0.008127613	0.01380822
"1628"	0.01091069	0.008020791	0.01368689
"1629"	0.01079365	0.00793737	0.01351635
"1630"	0.01072544	0.007870324	0.01340685
"1631"	0.0107083	0.007870394	0.01324378
"1632"	0.01065698	0.007888958	0.01310889
"1633"	0.01045681	0.007793601	0.01297973
"1634"	0.01035001	0.007610289	0.01292204
"1635"	0.01023868	0.007515661	0.01278129
"1636"	0.01008094	0.007449875	0.01260384
"1637"	0.009966329	0.007347709	0.01244772
"1638"	0.01002003	0.007341039	0.01241348
"1639"	0.009993922	0.007292959	0.01231728
"1640"	0.009851056	0.007178458	0.01212269
"1641"	0.009638706	0.00710376	0.01197321
"1642"	0.009614537	0.007184185	0.01190601
"1643"	0.0095483	0.007095287	0.01171903
"1644"	0.009439407	0.007049289	0.01164356
"1645"	0.009346842	0.007050459	0.01152397
"1646"	0.009205777	0.006981108	0.01144702
"1647"	0.009062466	0.006875415	0.01138336
"1648"	0.009004929	0.006833924	0.01124719
"1649"	0.008953438	0.006835458	0.01119818
"1650"	0.008892513	0.006764245	0.01111229
"1651"	0.008857837	0.00667207	0.01108601
"1652"	0.008792099	0.006621808	0.01108726
"1653"	0.00873745	0.006507198	0.01101229
"1654"	0.008787296	0.006449891	0.01095558
"1655"	0.008772124	0.006459424	0.01086087
"1656"	0.00866603	0.006550436	0.01089284
"1657"	0.008594551	0.006688225	0.01099075
"1658"	0.008601484	0.00655605	0.01086395
"1659"	0.008538019	0.006527424	0.01078865
"1660"	0.008450595	0.006553775	0.01075211
"1661"	0.008364977	0.006452767	0.01071894
"1662"	0.008436159	0.00642798	0.01059818
"1663"	0.008249024	0.006354265	0.0104037
"1664"	0.008048784	0.006262217	0.01015258
"1665"	0.008012445	0.006041886	0.009996866
"1666"	0.00788946	0.005876409	0.009809903
"1667"	0.007765238	0.005763718	0.009557034
"1668"	0.007814377	0.005805493	0.009590649
"1669"	0.007864879	0.005861046	0.009691048
"1670"	0.007834307	0.00600519	0.009788656
"1671"	0.007691879	0.006045655	0.009882151
"1672"	0.007670415	0.005984694	0.009797886
"1673"	0.007774274	0.005903341	0.009800723
"1674"	0.00769524	0.005965462	0.009822122
"1675"	0.007632349	0.005934721	0.009687917
"1676"	0.007692512	0.005814733	0.009586259
"1677"	0.007574224	0.005723861	0.00937975
"1678"	0.007417104	0.005726316	0.009199596
"1679"	0.007360664	0.005711359	0.009070331
"1680"	0.007153579	0.005579631	0.008976217
"1681"	0.00702235	0.005355392	0.00882333
"1682"	0.007172001	0.005375909	0.008671682
"1683"	0.007098322	0.005347757	0.008479385
"1684"	0.006919378	0.005244155	0.008354991
"1685"	0.006909174	0.005249997	0.008297388
"1686"	0.006955714	0.005238362	0.008281803
"1687"	0.006913982	0.005132285	0.008193804
"1688"	0.006894774	0.005027261	0.008234673
"1689"	0.006913752	0.005036592	0.008238532
"1690"	0.00686715	0.005087823	0.008168128
"1691"	0.006768829	0.005103676	0.00808231
"1692"	0.006797727	0.005096921	0.008082885
"1693"	0.006780313	0.005043733	0.008100082
"1694"	0.006686152	0.005077101	0.008001128
"1695"	0.006691271	0.004982943	0.007967936
"1696"	0.006804292	0.004953351	0.008033748
"1697"	0.00683068	0.004985142	0.008030586
"1698"	0.006744136	0.005003684	0.007973214
"1699"	0.006713909	0.004998897	0.007865369
"1700"	0.006723696	0.005044619	0.007990135
"1701"	0.006787441	0.005091505	0.008030638
"1702"	0.006770701	0.005093842	0.00811661
"1703"	0.006718868	0.005088333	0.00816645
"1704"	0.006711965	0.005101543	0.00820043
"1705"	0.006796562	0.005103013	0.008318445
"1706"	0.006829894	0.005201697	0.008448592
"1707"	0.006813555	0.00524248	0.008500047
"1708"	0.006874629	0.00536566	0.008527316
"1709"	0.006801483	0.005482799	0.008595799
"1710"	0.006858856	0.005541869	0.008670988
"1711"	0.006994029	0.005556588	0.008707707
"1712"	0.00706669	0.005623398	0.008883673
"1713"	0.00700903	0.005553102	0.008836911
"1714"	0.006964189	0.005508898	0.008802623
"1715"	0.007052262	0.005515595	0.008859718
"1716"	0.007009901	0.005563945	0.008838015
"1717"	0.006941802	0.005409294	0.008657825
"1718"	0.00693664	0.005280452	0.008435235
"1719"	0.006928361	0.005286673	0.008414364
"1720"	0.00687716	0.005343075	0.00839014
"1721"	0.006862354	0.005329411	0.008380494
"1722"	0.006943223	0.005469792	0.008595779
"1723"	0.00708149	0.005718216	0.008860555
"1724"	0.007131041	0.005853152	0.008983926
"1725"	0.007060239	0.005852367	0.009121365
"1726"	0.007098414	0.005886302	0.009318911
"1727"	0.007202122	0.005823611	0.009410469
"1728"	0.007293109	0.005815984	0.009416415
"1729"	0.007200708	0.00582234	0.009255184
"1730"	0.007147762	0.005733623	0.009121581
"1731"	0.007112126	0.005661851	0.009069043
"1732"	0.007098329	0.005673476	0.008934328
"1733"	0.007016456	0.005485215	0.008645602
"1734"	0.006968801	0.005294959	0.008454094
"1735"	0.006934433	0.005284492	0.008431699
"1736"	0.006857317	0.005206889	0.008365877
"1737"	0.006908419	0.005186506	0.008315849
"1738"	0.006936548	0.005197596	0.008253019
"1739"	0.006848743	0.005128519	0.008188829
"1740"	0.006876861	0.00509315	0.008166396
"1741"	0.006865637	0.00506581	0.008161063
"1742"	0.006778503	0.005004009	0.008144571
"1743"	0.006737256	0.005063528	0.008072844
"1744"	0.006901865	0.005212782	0.008161812
"1745"	0.006986198	0.005200241	0.008242007
"1746"	0.006950865	0.005136597	0.00821353
"1747"	0.006950548	0.005182597	0.008257139
"1748"	0.006899694	0.005193959	0.008277778
"1749"	0.006912365	0.005170672	0.008214667
"1750"	0.007020929	0.00527736	0.008299139
"1751"	0.006974576	0.005272831	0.008286694
"1752"	0.006879988	0.005343187	0.008295802
"1753"	0.006848622	0.005288681	0.008336835
"1754"	0.006860817	0.005276144	0.008294801
"1755"	0.006874182	0.00528821	0.008234886
"1756"	0.006966	0.005297763	0.008235369
"1757"	0.007023967	0.005311394	0.008319429
"1758"	0.00705519	0.005276951	0.0083042
"1759"	0.007039287	0.005337259	0.008319028
"1760"	0.007025833	0.005378497	0.008363544
"1761"	0.00700625	0.00525633	0.008307531
"1762"	0.007039576	0.005250141	0.008322005
"1763"	0.007027735	0.005249586	0.008317129
"1764"	0.006993503	0.00531204	0.00830062
"1765"	0.006952111	0.005261399	0.008266676
"1766"	0.00694275	0.005184062	0.008260842
"1767"	0.006957483	0.005153622	0.008253601
"1768"	0.007036158	0.005266304	0.008318801
"1769"	0.007063392	0.005334977	0.008398779
"1770"	0.006980629	0.00533826	0.008487854
"1771"	0.006905522	0.005288095	0.008418824
"1772"	0.006992707	0.005269596	0.008399709
"1773"	0.007081794	0.005291167	0.008400776
"1774"	0.007100404	0.005299792	0.008310158
"1775"	0.007102201	0.005257253	0.008335372
"1776"	0.007096314	0.005300696	0.008352618
"1777"	0.007055805	0.005373	0.008383296
"1778"	0.007023205	0.005331939	0.008386975
"1779"	0.007073833	0.005341259	0.008341141
"1780"	0.007065323	0.005388677	0.008355424
"1781"	0.00700275	0.005336376	0.008318922
"1782"	0.007069985	0.005299826	0.008277189
"1783"	0.007064109	0.00527843	0.008319521
"1784"	0.006971966	0.005308913	0.008418875
"1785"	0.007018619	0.005325728	0.008444553
"1786"	0.007115149	0.005353234	0.008433319
"1787"	0.007133517	0.005413339	0.008447605
"1788"	0.007155362	0.005415135	0.008517451
"1789"	0.007080276	0.005387602	0.008492175
"1790"	0.007080675	0.005317701	0.00847519
"1791"	0.007099185	0.005280515	0.008404728
"1792"	0.007117135	0.005395294	0.00846822
"1793"	0.007146484	0.005429939	0.008506957
"1794"	0.007137586	0.005326194	0.008437031
"1795"	0.0071174	0.005373845	0.008484973
"1796"	0.00709428	0.005441274	0.008538927
"1797"	0.007041825	0.005386049	0.008465341
"1798"	0.007090667	0.005429431	0.008446466
"1799"	0.007144186	0.005402282	0.008487127
"1800"	0.007102546	0.005322833	0.008466995
"1801"	0.007079764	0.005338734	0.008557015
"1802"	0.00714101	0.005397548	0.008621821
"1803"	0.007124671	0.005435884	0.008609446
"1804"	0.007102764	0.005414268	0.008539445
"1805"	0.00710293	0.005352895	0.008453744
"1806"	0.007096404	0.00534568	0.008462394
"1807"	0.007095222	0.005399405	0.008579825
"1808"	0.007104952	0.005507454	0.008573858
"1809"	0.007115503	0.005559699	0.008517524
"1810"	0.007181291	0.005550059	0.008502553
"1811"	0.007247275	0.005512329	0.008582732
"1812"	0.007216854	0.005472207	0.008613843
"1813"	0.007120578	0.005406541	0.008547831
"1814"	0.00710157	0.005415807	0.00855474
"1815"	0.007136513	0.0054156	0.008544771
"1816"	0.007201832	0.005460304	0.008612615
"1817"	0.007185799	0.00539435	0.008590985
"1818"	0.007155953	0.005413096	0.008589427
"1819"	0.007114645	0.005439594	0.008535787
"1820"	0.007175711	0.005462185	0.008587433
"1821"	0.007192313	0.005450123	0.008626034
"1822"	0.007197035	0.005452292	0.008638994
"1823"	0.007131664	0.005494059	0.008619973
"1824"	0.007216715	0.005480304	0.008597409
"1825"	0.00729931	0.005466244	0.008615293
"1826"	0.007308317	0.005465824	0.008621189
"1827"	0.007313671	0.005457966	0.008599575
"1828"	0.007346422	0.005509538	0.008595785
"1829"	0.007291406	0.00551313	0.008556459
"1830"	0.007316357	0.00551946	0.008647898
"1831"	0.007292546	0.005548429	0.008706831
"1832"	0.007223445	0.005530624	0.008695479
"1833"	0.007225865	0.005515443	0.008688005
"1834"	0.00723853	0.005475151	0.008598683
"1835"	0.007212094	0.005503513	0.008516987
"1836"	0.007312577	0.005541906	0.008573309
"1837"	0.00734408	0.005526399	0.008643882
"1838"	0.007286737	0.005514544	0.008745437
"1839"	0.007252118	0.005475259	0.008728826
"1840"	0.007221474	0.005477889	0.008713117
"1841"	0.007211479	0.005482533	0.008683142
"1842"	0.00723739	0.005486047	0.008681042
"1843"	0.007327779	0.005500025	0.008697996
"1844"	0.007301481	0.005506305	0.008676686
"1845"	0.007270948	0.005508816	0.008697693
"1846"	0.007197069	0.005545412	0.008692328
"1847"	0.007189957	0.005533155	0.008680186
"1848"	0.007254172	0.005524846	0.008670036
"1849"	0.007234561	0.005455377	0.008558881
"1850"	0.007270552	0.005474558	0.008638713
"1851"	0.00731363	0.005559289	0.008739238
"1852"	0.007284458	0.005558128	0.008658795
"1853"	0.007232112	0.005439511	0.008620226
"1854"	0.007198964	0.005439796	0.00863617
"1855"	0.007248688	0.005535307	0.008645967
"1856"	0.007296068	0.005498627	0.00871143
"1857"	0.007306472	0.005483434	0.00870167
"1858"	0.007240284	0.005500544	0.008647319
"1859"	0.007264547	0.005517084	0.008699015
"1860"	0.007282013	0.005525815	0.008695696
"1861"	0.007288057	0.005488374	0.008654055
"1862"	0.007271874	0.005459721	0.008657672
"1863"	0.007275066	0.005389037	0.008697664
"1864"	0.007272276	0.005391396	0.008665241
"1865"	0.007311064	0.005527366	0.008700563
"1866"	0.007301267	0.005578521	0.008765885
"1867"	0.007274523	0.005590659	0.008805125
"1868"	0.007274563	0.005590753	0.008805166
"1869"	0	0	0
